cam.CFrame=CFrame.new(371.4563,499.2105,-565.5275,0.971227,0.219515,-0.092370,0.000000,0.387851,0.921722,0.238157,-0.895201,0.376691)
cam.FieldOfView=70.00
hum:Move(Vector3.new(0.2219,0,-0.9751),true)
hrp.AssemblyLinearVelocity=Vector3.new(6.6499,-64.5667,-29.2536)
hrp.CFrame=CFrame.new(372.4096,471.8705,-576.6077)
hum.Jump=true
task.wait(0.0427)
cam.CFrame=CFrame.new(371.8123,495.9209,-566.9843,0.971227,0.219515,-0.092370,0.000000,0.387851,0.921722,0.238157,-0.895201,0.376691)
cam.FieldOfView=70.00
hum:Move(Vector3.new(0.3252,0,-0.9456),true)
hrp.AssemblyLinearVelocity=Vector3.new(9.7549,-40.3087,-28.3696)
hrp.CFrame=CFrame.new(372.9081,467.8952,-578.2839)
task.wait(0.0560)
cam.CFrame=CFrame.new(372.4099,493.9340,-568.6283,0.971227,0.219515,-0.092370,0.000000,0.387851,0.921722,0.238157,-0.895201,0.376691)
cam.FieldOfView=70.00
hum:Move(Vector3.new(0.3808,0,-0.9247),true)
hrp.AssemblyLinearVelocity=Vector3.new(11.0445,49.0659,-27.8930)
hrp.CFrame=CFrame.new(373.5031,469.1828,-579.7958)
task.wait(0.0602)
cam.CFrame=CFrame.new(373.0677,496.7246,-570.2499,0.971227,0.219515,-0.092370,0.000000,0.387851,0.921722,0.238157,-0.895201,0.376691)
cam.FieldOfView=70.00
hum:Move(Vector3.new(0.3827,0,-0.9239),true)
hrp.AssemblyLinearVelocity=Vector3.new(11.4822,38.4383,-27.7157)
hrp.CFrame=CFrame.new(374.1241,471.5306,-581.2975)
hum.Jump=true
task.wait(0.0508)
cam.CFrame=CFrame.new(373.3070,497.5595,-570.8273,0.971227,0.219515,-0.092370,0.000000,0.387851,0.921722,0.238157,-0.895201,0.376691)
cam.FieldOfView=70.00
hum:Move(Vector3.new(0.3805,0,-0.9248),true)
hrp.AssemblyLinearVelocity=Vector3.new(11.4155,30.2633,-27.7432)
hrp.CFrame=CFrame.new(374.6000,472.9448,-582.4535)
hum.Jump=true
task.wait(0.0397)
cam.CFrame=CFrame.new(374.0660,499.6588,-572.6778,0.971227,0.219515,-0.092370,0.000000,0.387851,0.921722,0.238157,-0.895201,0.376691)
cam.FieldOfView=70.00
hum:Move(Vector3.new(0.3519,0,-0.9360),true)
hrp.AssemblyLinearVelocity=Vector3.new(10.5565,18.8183,-28.0813)
hrp.CFrame=CFrame.new(375.2369,474.3525,-584.0834)
task.wait(0.0590)
cam.CFrame=CFrame.new(374.6732,500.7804,-574.3190,0.971227,0.219515,-0.092370,0.000000,0.387851,0.921722,0.238157,-0.895201,0.376691)
cam.FieldOfView=70.00
hum:Move(Vector3.new(0.3080,0,-0.9514),true)
hrp.AssemblyLinearVelocity=Vector3.new(9.2417,8.1908,-28.5410)
hrp.CFrame=CFrame.new(375.7620,475.0619,-585.6209)
hum.Jump=true
task.wait(0.0523)
cam.CFrame=CFrame.new(375.1245,501.2103,-575.7493,0.971227,0.219515,-0.092370,0.000000,0.387851,0.921722,0.238157,-0.895201,0.376691)
cam.FieldOfView=70.00
hum:Move(Vector3.new(0.2708,0,-0.9626),true)
hrp.AssemblyLinearVelocity=Vector3.new(8.1277,0.0158,-28.8780)
hrp.CFrame=CFrame.new(376.1118,475.2158,-586.8208)
task.wait(0.0448)
cam.CFrame=CFrame.new(375.4247,501.2109,-576.8333,0.971227,0.219515,-0.092370,0.000000,0.387851,0.921722,0.238157,-0.895201,0.376691)
cam.FieldOfView=70.00
hum:Move(Vector3.new(0.2339,0,-0.9723),true)
hrp.AssemblyLinearVelocity=Vector3.new(7.0183,-8.1592,-29.1675)
hrp.CFrame=CFrame.new(376.4191,475.0291,-588.0323)
task.wait(0.0393)
cam.CFrame=CFrame.new(375.7733,500.7825,-578.2922,0.971227,0.219515,-0.092370,0.000000,0.387851,0.921722,0.238157,-0.895201,0.376691)
cam.FieldOfView=70.00
hum:Move(Vector3.new(0.2226,0,-0.9749),true)
hrp.AssemblyLinearVelocity=Vector3.new(6.6773,-17.9692,-29.2475)
hrp.CFrame=CFrame.new(376.7578,474.3555,-589.4937)
task.wait(0.0509)
cam.CFrame=CFrame.new(376.0784,499.9590,-579.6331,0.971227,0.219515,-0.092370,0.000000,0.387851,0.921722,0.238157,-0.895201,0.376691)
cam.FieldOfView=70.00
hum:Move(Vector3.new(0.2202,0,-0.9754),true)
hrp.AssemblyLinearVelocity=Vector3.new(6.6067,-26.9617,-29.2635)
hrp.CFrame=CFrame.new(377.0607,473.3071,-590.8350)
task.wait(0.0488)
cam.CFrame=CFrame.new(376.3814,498.7232,-580.9745,0.971227,0.219515,-0.092370,0.000000,0.387851,0.921722,0.238157,-0.895201,0.376691)
cam.FieldOfView=70.00
hum:Move(Vector3.new(0.2206,0,-0.9754),true)
hrp.AssemblyLinearVelocity=Vector3.new(6.6190,-36.7717,-29.2607)
hrp.CFrame=CFrame.new(377.3916,471.6933,-592.2984)
task.wait(0.0471)
cam.CFrame=CFrame.new(376.7124,496.9051,-582.4376,0.971227,0.219515,-0.092370,0.000000,0.387851,0.921722,0.238157,-0.895201,0.376691)
cam.FieldOfView=70.00
hum:Move(Vector3.new(0.2208,0,-0.9753),true)
hrp.AssemblyLinearVelocity=Vector3.new(6.6240,-44.9467,-29.2596)
hrp.CFrame=CFrame.new(377.6674,469.9738,-593.5173)
task.wait(0.0399)
cam.CFrame=CFrame.new(376.9331,495.4205,-583.4127,0.971227,0.219515,-0.092370,0.000000,0.387851,0.921722,0.238157,-0.895201,0.376691)
cam.FieldOfView=70.00
hum:Move(Vector3.new(0.2208,0,-0.9753),true)
hrp.AssemblyLinearVelocity=Vector3.new(6.6240,-52.3042,-29.2596)
hrp.CFrame=CFrame.new(377.9157,468.1350,-594.6143)
task.wait(0.0396)
cam.CFrame=CFrame.new(375.5107,492.3008,-582.8458,0.943181,0.294364,-0.154141,0.000000,0.463890,0.885893,0.332280,-0.835557,0.437532)
cam.FieldOfView=70.00
hum:Move(Vector3.new(0.2950,0,-0.9555),true)
hrp.AssemblyLinearVelocity=Vector3.new(8.7810,-59.6617,-28.6833)
hrp.CFrame=CFrame.new(378.1960,466.0203,-595.7028)
task.wait(0.0350)
cam.CFrame=CFrame.new(375.7319,489.9682,-583.7613,0.941974,0.296185,-0.157985,0.000000,0.470633,0.882329,0.335686,-0.831131,0.443324)
cam.FieldOfView=70.00
hum:Move(Vector3.new(0.3174,0,-0.9483),true)
hrp.AssemblyLinearVelocity=Vector3.new(9.5219,-67.8367,-28.4488)
hrp.CFrame=CFrame.new(378.5899,463.3471,-596.8891)
task.wait(0.0419)
cam.CFrame=CFrame.new(376.1173,487.1531,-584.9384,0.941748,0.296674,-0.158415,0.000000,0.471025,0.882120,0.336320,-0.830735,0.443587)
cam.FieldOfView=70.00
hum:Move(Vector3.new(0.3229,0,-0.9464),true)
hrp.AssemblyLinearVelocity=Vector3.new(9.6868,-76.0117,-28.3931)
hrp.CFrame=CFrame.new(378.9911,460.3332,-598.0728)
task.wait(0.0482)
cam.CFrame=CFrame.new(376.3591,485.3039,-585.6482,0.941748,0.296674,-0.158415,0.000000,0.471025,0.882120,0.336320,-0.830735,0.443587)
cam.FieldOfView=70.00
hum:Move(Vector3.new(0.3229,0,-0.9464),true)
hrp.AssemblyLinearVelocity=Vector3.new(9.6872,-82.5517,-28.3929)
hrp.CFrame=CFrame.new(379.3141,457.6768,-599.0191)
task.wait(0.0438)
cam.CFrame=CFrame.new(377.1472,478.6701,-587.9505,0.941748,0.297065,-0.157682,0.000000,0.468844,0.883281,0.336320,-0.831828,0.441533)
cam.FieldOfView=70.00
hum:Move(Vector3.new(0.3263,0,-0.9453),true)
hrp.AssemblyLinearVelocity=Vector3.new(8.2423,-94.8141,-23.9001)
hrp.CFrame=CFrame.new(379.9052,452.1086,-600.7437)
task.wait(0.0480)
cam.CFrame=CFrame.new(377.5191,475.0848,-589.0694,0.941748,0.297559,-0.156748,0.000000,0.466067,0.884749,0.336320,-0.833211,0.438918)
cam.FieldOfView=70.00
hum:Move(Vector3.new(0.3296,0,-0.9441),true)
hrp.AssemblyLinearVelocity=Vector3.new(13.3179,-20.1971,-27.8898)
hrp.CFrame=CFrame.new(380.4374,449.8000,-601.9016)
task.wait(0.0446)
cam.CFrame=CFrame.new(378.1002,474.2646,-590.2302,0.941748,0.297559,-0.156748,0.000000,0.466067,0.884749,0.336320,-0.833211,0.438918)
cam.FieldOfView=70.00
hum:Move(Vector3.new(0.3296,0,-0.9441),true)
hrp.AssemblyLinearVelocity=Vector3.new(7.8370,-14.7899,-22.4127)
hrp.CFrame=CFrame.new(380.8173,448.8278,-602.9061)
task.wait(0.0396)
cam.CFrame=CFrame.new(378.3854,473.5096,-591.0515,0.941748,0.297559,-0.156748,0.000000,0.466067,0.884749,0.336320,-0.833211,0.438918)
cam.FieldOfView=70.00
hum:Move(Vector3.new(0.3296,0,-0.9441),true)
hrp.AssemblyLinearVelocity=Vector3.new(6.8293,-22.1474,-19.5603)
hrp.CFrame=CFrame.new(381.0878,448.1199,-603.6810)
task.wait(0.0353)
cam.CFrame=CFrame.new(378.6606,472.5905,-591.8400,0.941748,0.297559,-0.156748,0.000000,0.466067,0.884749,0.336320,-0.833211,0.438918)
cam.FieldOfView=70.00
hum:Move(Vector3.new(0.3296,0,-0.9441),true)
hrp.AssemblyLinearVelocity=Vector3.new(6.1855,-4.3547,-17.7166)
hrp.CFrame=CFrame.new(381.3773,447.3016,-604.5101)
task.wait(0.0496)
cam.CFrame=CFrame.new(378.9920,472.0749,-592.7889,0.941748,0.297559,-0.156748,0.000000,0.466067,0.884749,0.336320,-0.833211,0.438918)
cam.FieldOfView=70.00
hum:Move(Vector3.new(0.3297,0,-0.9441),true)
hrp.AssemblyLinearVelocity=Vector3.new(6.0526,50.7009,-17.3348)
hrp.CFrame=CFrame.new(381.6802,447.8993,-605.3776)
task.wait(0.0513)
cam.CFrame=CFrame.new(379.2616,474.1363,-593.5602,0.941748,0.297559,-0.156748,0.000000,0.466067,0.884749,0.336320,-0.833211,0.438918)
cam.FieldOfView=70.00
hum:Move(Vector3.new(0.3346,0,-0.9424),true)
hrp.AssemblyLinearVelocity=Vector3.new(8.4866,40.8909,-24.0576)
hrp.CFrame=CFrame.new(382.0483,450.1687,-606.4266)
hum.Jump=true
task.wait(0.0470)
cam.CFrame=CFrame.new(379.4609,475.2097,-594.1267,0.941748,0.297559,-0.156748,0.000000,0.466067,0.884749,0.336320,-0.833211,0.438918)
cam.FieldOfView=70.00
hum:Move(Vector3.new(0.3352,0,-0.9421),true)
hrp.AssemblyLinearVelocity=Vector3.new(10.0567,30.2633,-28.2632)
hrp.CFrame=CFrame.new(382.5713,452.0736,-607.8990)
hum.Jump=true
task.wait(0.0607)
cam.CFrame=CFrame.new(379.9839,477.1146,-595.5992,0.941748,0.297559,-0.156748,0.000000,0.466067,0.884749,0.336320,-0.833211,0.438918)
cam.FieldOfView=70.00
hum:Move(Vector3.new(0.3352,0,-0.9421),true)
hrp.AssemblyLinearVelocity=Vector3.new(10.0571,20.4533,-28.2640)
hrp.CFrame=CFrame.new(383.0741,453.3211,-609.3119)
task.wait(0.0420)
cam.CFrame=CFrame.new(380.6543,478.6689,-597.4830,0.941748,0.297559,-0.156748,0.000000,0.466067,0.884749,0.336320,-0.833211,0.438918)
cam.FieldOfView=70.00
hum:Move(Vector3.new(0.3352,0,-0.9421),true)
hrp.AssemblyLinearVelocity=Vector3.new(10.0574,13.0958,-28.2639)
hrp.CFrame=CFrame.new(383.4512,453.9348,-610.3715)
task.wait(0.0370)
cam.CFrame=CFrame.new(381.0314,479.1600,-598.5426,0.941748,0.297559,-0.156748,0.000000,0.466067,0.884749,0.336320,-0.833211,0.438918)
cam.FieldOfView=70.00
hum:Move(Vector3.new(0.3353,0,-0.9421),true)
hrp.AssemblyLinearVelocity=Vector3.new(10.0575,5.7383,-28.2639)
hrp.CFrame=CFrame.new(383.8283,454.2726,-611.4312)
task.wait(0.0380)
cam.CFrame=CFrame.new(381.4085,479.3752,-599.6022,0.941748,0.297559,-0.156748,0.000000,0.466067,0.884749,0.336320,-0.833211,0.438918)
cam.FieldOfView=70.00
hum:Move(Vector3.new(0.3353,0,-0.9421),true)
hrp.AssemblyLinearVelocity=Vector3.new(10.0575,-1.6192,-28.2639)
hrp.CFrame=CFrame.new(384.2054,454.3345,-612.4908)
task.wait(0.0371)
cam.CFrame=CFrame.new(381.8275,479.2907,-600.7796,0.941748,0.297559,-0.156748,0.000000,0.466067,0.884749,0.336320,-0.833211,0.438918)
cam.FieldOfView=70.00
hum:Move(Vector3.new(0.3353,0,-0.9421),true)
hrp.AssemblyLinearVelocity=Vector3.new(10.0577,-10.6117,-28.2638)
hrp.CFrame=CFrame.new(384.6663,454.0355,-613.7859)
task.wait(0.0451)
cam.CFrame=CFrame.new(382.2465,478.8656,-601.9570,0.941748,0.297559,-0.156748,0.000000,0.466067,0.884749,0.336320,-0.833211,0.438918)
cam.FieldOfView=70.00
hum:Move(Vector3.new(0.3353,0,-0.9421),true)
hrp.AssemblyLinearVelocity=Vector3.new(10.0577,-18.7867,-28.2638)
hrp.CFrame=CFrame.new(385.0853,453.4060,-614.9633)
task.wait(0.0413)
cam.CFrame=CFrame.new(382.6236,478.1917,-603.0166,0.941748,0.297559,-0.156748,0.000000,0.466067,0.884749,0.336320,-0.833211,0.438918)
cam.FieldOfView=70.00
hum:Move(Vector3.new(0.3353,0,-0.9421),true)
hrp.AssemblyLinearVelocity=Vector3.new(10.0577,-25.3267,-28.2638)
hrp.CFrame=CFrame.new(385.4205,452.6572,-615.9052)
task.wait(0.0376)
cam.CFrame=CFrame.new(383.0845,476.9934,-604.3117,0.941748,0.297559,-0.156748,0.000000,0.466067,0.884749,0.336320,-0.833211,0.438918)
cam.FieldOfView=70.00
hum:Move(Vector3.new(0.3353,0,-0.9421),true)
hrp.AssemblyLinearVelocity=Vector3.new(10.0577,-35.1367,-28.2638)
hrp.CFrame=CFrame.new(385.9233,451.1252,-617.3180)
task.wait(0.0497)
cam.CFrame=CFrame.new(383.5873,475.2162,-605.7245,0.941748,0.297559,-0.156748,0.000000,0.466067,0.884749,0.336320,-0.833211,0.438918)
cam.FieldOfView=70.00
hum:Move(Vector3.new(0.3353,0,-0.9421),true)
hrp.AssemblyLinearVelocity=Vector3.new(10.0577,-44.9467,-28.2638)
hrp.CFrame=CFrame.new(386.4261,449.1026,-618.7308)
task.wait(0.0496)
cam.CFrame=CFrame.new(384.0063,473.3604,-606.9019,0.941748,0.297559,-0.156748,0.000000,0.466067,0.884749,0.336320,-0.833211,0.438918)
cam.FieldOfView=70.00
hum:Move(Vector3.new(0.3353,0,-0.9421),true)
hrp.AssemblyLinearVelocity=Vector3.new(10.0577,-53.1217,-28.2638)
hrp.CFrame=CFrame.new(386.8452,447.0425,-619.9082)
task.wait(0.0421)
cam.CFrame=CFrame.new(384.4673,470.9257,-608.1970,0.941748,0.297559,-0.156748,0.000000,0.466067,0.884749,0.336320,-0.833211,0.438918)
cam.FieldOfView=70.00
hum:Move(Vector3.new(0.3353,0,-0.9421),true)
hrp.AssemblyLinearVelocity=Vector3.new(10.0576,-61.2967,-28.2638)
hrp.CFrame=CFrame.new(387.2642,444.6418,-621.0856)
task.wait(0.0391)
cam.CFrame=CFrame.new(384.8444,468.6270,-609.2567,0.941748,0.297559,-0.156748,0.000000,0.466067,0.884749,0.336320,-0.833211,0.438918)
cam.FieldOfView=70.00
hum:Move(Vector3.new(0.3352,0,-0.9421),true)
hrp.AssemblyLinearVelocity=Vector3.new(10.0574,-68.6542,-28.2639)
hrp.CFrame=CFrame.new(387.6413,442.1898,-622.1452)
task.wait(0.0390)
cam.CFrame=CFrame.new(385.2210,466.0525,-610.3165,0.941748,0.297559,-0.156748,0.000000,0.466067,0.884749,0.336320,-0.833211,0.438918)
cam.FieldOfView=70.00
hum:Move(Vector3.new(0.3342,0,-0.9425),true)
hrp.AssemblyLinearVelocity=Vector3.new(10.0250,-76.0117,-28.2754)
hrp.CFrame=CFrame.new(388.0173,439.4620,-623.2054)
task.wait(0.0344)
cam.CFrame=CFrame.new(385.7224,462.1906,-611.7301,0.941748,0.297559,-0.156748,0.000000,0.466067,0.884749,0.336320,-0.833211,0.438918)
cam.FieldOfView=70.00
hum:Move(Vector3.new(0.3342,0,-0.9425),true)
hrp.AssemblyLinearVelocity=Vector3.new(10.0249,-86.6392,-28.2754)
hrp.CFrame=CFrame.new(388.5604,435.0347,-624.7368)
task.wait(0.0566)
cam.CFrame=CFrame.new(386.1401,458.5977,-612.9081,0.941748,0.297559,-0.156748,0.000000,0.466067,0.884749,0.336320,-0.833211,0.438918)
cam.FieldOfView=70.00
hum:Move(Vector3.new(0.3342,0,-0.9425),true)
hrp.AssemblyLinearVelocity=Vector3.new(10.0249,-94.8141,-28.2755)
hrp.CFrame=CFrame.new(388.9782,431.2374,-625.9147)
task.wait(0.0413)
cam.CFrame=CFrame.new(386.5997,454.2520,-614.2039,0.941748,0.297559,-0.156748,0.000000,0.466067,0.884749,0.336320,-0.833211,0.438918)
cam.FieldOfView=70.00
hum:Move(Vector3.new(0.3331,0,-0.9429),true)
hrp.AssemblyLinearVelocity=Vector3.new(9.9926,-103.8066,-28.2869)
hrp.CFrame=CFrame.new(389.4370,426.6670,-627.2109)
task.wait(0.0473)
cam.CFrame=CFrame.new(387.0987,449.0412,-615.6185,0.941748,0.297559,-0.156748,0.000000,0.466067,0.884749,0.336320,-0.833211,0.438918)
cam.FieldOfView=70.00
hum:Move(Vector3.new(0.3288,0,-0.9444),true)
hrp.AssemblyLinearVelocity=Vector3.new(9.8633,-113.6166,-28.3322)
hrp.CFrame=CFrame.new(389.9329,421.2109,-628.6266)
task.wait(0.0466)
cam.CFrame=CFrame.new(387.5099,444.3242,-616.7989,0.941748,0.297559,-0.156748,0.000000,0.466067,0.884749,0.336320,-0.833211,0.438918)
cam.FieldOfView=70.00
hum:Move(Vector3.new(0.3288,0,-0.9444),true)
hrp.AssemblyLinearVelocity=Vector3.new(9.8630,-120.9741,-28.3323)
hrp.CFrame=CFrame.new(390.3029,416.7970,-629.6890)
task.wait(0.0404)
cam.CFrame=CFrame.new(387.9210,439.2666,-617.9793,0.941748,0.297559,-0.156748,0.000000,0.466067,0.884749,0.336320,-0.833211,0.438918)
cam.FieldOfView=70.00
hum:Move(Vector3.new(0.3288,0,-0.9444),true)
hrp.AssemblyLinearVelocity=Vector3.new(24.3023,-55.3324,-39.2173)
hrp.CFrame=CFrame.new(390.8854,411.4770,-631.0646)
task.wait(0.0475)
cam.CFrame=CFrame.new(388.8247,435.8056,-619.5508,0.941748,0.297559,-0.156748,0.000000,0.466067,0.884749,0.336320,-0.833211,0.438918)
cam.FieldOfView=70.00
hum:Move(Vector3.new(0.3269,0,-0.9450),true)
hrp.AssemblyLinearVelocity=Vector3.new(8.7340,-11.1489,-19.9871)
hrp.CFrame=CFrame.new(391.9137,410.4714,-632.6218)
task.wait(0.0644)
cam.CFrame=CFrame.new(389.4701,435.2291,-620.7244,0.941748,0.297559,-0.156748,0.000000,0.466067,0.884749,0.336320,-0.833211,0.438918)
cam.FieldOfView=70.00
hum:Move(Vector3.new(0.3226,0,-0.9465),true)
hrp.AssemblyLinearVelocity=Vector3.new(6.5588,-20.1392,-19.2444)
hrp.CFrame=CFrame.new(392.2220,409.7357,-633.5034)
task.wait(0.0434)
cam.CFrame=CFrame.new(389.7756,434.3060,-621.6233,0.941748,0.297559,-0.156748,0.000000,0.466067,0.884749,0.336320,-0.833211,0.438918)
cam.FieldOfView=70.00
hum:Move(Vector3.new(0.3152,0,-0.9490),true)
hrp.AssemblyLinearVelocity=Vector3.new(6.7469,-28.3141,-20.3107)
hrp.CFrame=CFrame.new(392.5036,408.7092,-634.3461)
task.wait(0.0419)
cam.CFrame=CFrame.new(390.0561,433.1092,-622.4701,0.941748,0.297559,-0.156748,0.000000,0.466067,0.884749,0.336320,-0.833211,0.438918)
cam.FieldOfView=70.00
hum:Move(Vector3.new(0.3104,0,-0.9506),true)
hrp.AssemblyLinearVelocity=Vector3.new(6.6586,-37.3066,-20.3920)
hrp.CFrame=CFrame.new(392.8100,407.1866,-635.2797)
task.wait(0.0465)
cam.CFrame=CFrame.new(390.3612,431.3993,-623.4067,0.941748,0.297559,-0.156748,0.000000,0.466067,0.884749,0.336320,-0.833211,0.438918)
cam.FieldOfView=70.00
hum:Move(Vector3.new(0.3065,0,-0.9519),true)
hrp.AssemblyLinearVelocity=Vector3.new(6.6821,-46.2991,-20.7506)
hrp.CFrame=CFrame.new(393.1156,405.2520,-636.2247)
task.wait(0.0461)
cam.CFrame=CFrame.new(390.7961,429.3779,-624.4663,0.941748,0.297559,-0.156748,0.000000,0.466067,0.884749,0.336320,-0.833211,0.438918)
cam.FieldOfView=70.00
hum:Move(Vector3.new(0.2884,0,-0.9575),true)
hrp.AssemblyLinearVelocity=Vector3.new(6.3707,-14.4636,-21.1769)
hrp.CFrame=CFrame.new(393.5414,403.9874,-637.3894)
task.wait(0.0543)
cam.CFrame=CFrame.new(391.0847,428.6759,-625.5327,0.941748,0.297559,-0.156748,0.000000,0.466067,0.884749,0.336320,-0.833211,0.438918)
cam.FieldOfView=70.00
hum:Move(Vector3.new(0.2818,0,-0.9595),true)
hrp.AssemblyLinearVelocity=Vector3.new(6.2650,-25.0919,-21.3293)
hrp.CFrame=CFrame.new(393.8825,402.8939,-638.5436)
task.wait(0.0508)
cam.CFrame=CFrame.new(391.4244,427.3611,-626.6880,0.941748,0.297559,-0.156748,0.000000,0.466067,0.884749,0.336320,-0.833211,0.438918)
cam.FieldOfView=70.00
hum:Move(Vector3.new(0.2789,0,-0.9603),true)
hrp.AssemblyLinearVelocity=Vector3.new(6.1745,-33.2669,-21.2639)
hrp.CFrame=CFrame.new(394.1405,401.6611,-639.4311)
task.wait(0.0449)
cam.CFrame=CFrame.new(391.7683,426.1297,-627.6120,0.941748,0.297559,-0.156748,0.000000,0.466067,0.884749,0.336320,-0.833211,0.438918)
cam.FieldOfView=70.00
hum:Move(Vector3.new(0.2789,0,-0.9603),true)
hrp.AssemblyLinearVelocity=Vector3.new(6.3715,-15.5025,-22.2422)
hrp.CFrame=CFrame.new(394.4365,400.8511,-640.2843)
task.wait(0.0355)
cam.CFrame=CFrame.new(391.9805,425.9742,-628.4385,0.941748,0.297559,-0.156748,0.000000,0.466067,0.884749,0.336320,-0.833211,0.438918)
cam.FieldOfView=70.00
hum:Move(Vector3.new(0.2789,0,-0.9603),true)
hrp.AssemblyLinearVelocity=Vector3.new(6.3117,-4.3342,-21.7381)
hrp.CFrame=CFrame.new(394.7263,400.9674,-641.2819)
task.wait(0.0504)
cam.CFrame=CFrame.new(392.1389,426.0084,-628.9821,0.941748,0.297559,-0.156748,0.000000,0.466067,0.884749,0.336320,-0.833211,0.438918)
cam.FieldOfView=70.00
hum:Move(Vector3.new(0.2788,0,-0.9603),true)
hrp.AssemblyLinearVelocity=Vector3.new(6.0472,-11.6917,-20.8280)
hrp.CFrame=CFrame.new(394.9537,400.6516,-642.0652)
task.wait(0.0365)
cam.CFrame=CFrame.new(392.3663,425.6926,-629.7654,0.941748,0.297559,-0.156748,0.000000,0.466067,0.884749,0.336320,-0.833211,0.438918)
cam.FieldOfView=70.00
hum:Move(Vector3.new(0.2788,0,-0.9603),true)
hrp.AssemblyLinearVelocity=Vector3.new(6.0269,-18.2317,-20.7578)
hrp.CFrame=CFrame.new(395.1547,400.1392,-642.7573)
task.wait(0.0367)
cam.CFrame=CFrame.new(392.0920,424.7028,-629.6827,0.936938,0.302972,-0.174229,0.000000,0.498515,0.866881,0.349496,-0.812214,0.467077)
cam.FieldOfView=70.00
hum:Move(Vector3.new(0.2788,0,-0.9603),true)
hrp.AssemblyLinearVelocity=Vector3.new(6.0269,-28.8592,-20.7578)
hrp.CFrame=CFrame.new(395.4812,398.8417,-643.8817)
task.wait(0.0497)
cam.CFrame=CFrame.new(390.5284,421.0879,-627.8260,0.920841,0.304213,-0.243939,0.000000,0.625584,0.780157,0.389938,-0.718400,0.576064)
cam.FieldOfView=70.00
hum:Move(Vector3.new(0.2923,0,-0.9563),true)
hrp.AssemblyLinearVelocity=Vector3.new(6.2707,-2.2494,-20.5181)
hrp.CFrame=CFrame.new(395.8724,397.0796,-645.1649)
task.wait(0.0787)
cam.CFrame=CFrame.new(389.4394,416.0582,-626.0210,0.917735,0.261300,-0.299139,0.000000,0.753134,0.657867,0.397193,-0.603748,0.691178)
cam.FieldOfView=70.00
hum:Move(Vector3.new(0.3336,0,-0.9427),true)
hrp.AssemblyLinearVelocity=Vector3.new(6.9978,-16.3397,-19.7743)
hrp.CFrame=CFrame.new(396.3370,396.3995,-646.4850)
task.wait(0.0497)
cam.CFrame=CFrame.new(391.4596,409.1792,-631.1718,0.915387,0.233511,-0.327931,0.000000,0.814586,0.580044,0.402575,-0.530964,0.745661)
cam.FieldOfView=70.00
hum:Move(Vector3.new(0.3256,0,-0.9455),true)
hrp.AssemblyLinearVelocity=Vector3.new(6.8429,-24.5148,-19.8739)
hrp.CFrame=CFrame.new(396.6224,395.5314,-647.3130)
task.wait(0.0385)
cam.CFrame=CFrame.new(392.0650,407.0722,-633.1589,0.910593,0.233912,-0.340742,0.000000,0.824435,0.565957,0.413304,-0.515356,0.750725)
cam.FieldOfView=70.00
hum:Move(Vector3.new(0.3162,0,-0.9487),true)
hrp.AssemblyLinearVelocity=Vector3.new(7.2614,-33.5073,-21.7837)
hrp.CFrame=CFrame.new(396.9541,394.1830,-648.3066)
task.wait(0.0497)
cam.CFrame=CFrame.new(392.8330,404.3238,-635.8642,0.900487,0.242699,-0.360860,0.000000,0.829787,0.558081,0.434882,-0.502545,0.747212)
cam.FieldOfView=70.00
hum:Move(Vector3.new(0.3267,0,-0.9451),true)
hrp.AssemblyLinearVelocity=Vector3.new(7.4937,-21.1612,-21.6768)
hrp.CFrame=CFrame.new(397.2657,392.6850,-649.2102)
task.wait(0.0379)
cam.CFrame=CFrame.new(394.0801,401.0641,-638.8220,0.900487,0.242699,-0.360860,0.000000,0.829787,0.558081,0.434882,-0.502545,0.747212)
cam.FieldOfView=70.00
hum:Move(Vector3.new(0.3492,0,-0.9371),true)
hrp.AssemblyLinearVelocity=Vector3.new(7.3748,-2.1736,-19.7924)
hrp.CFrame=CFrame.new(397.7270,391.2574,-650.4518)
task.wait(0.0627)
cam.CFrame=CFrame.new(394.1284,400.7234,-639.2043,0.900487,0.242699,-0.360860,0.000000,0.829787,0.558081,0.434882,-0.502545,0.747212)
cam.FieldOfView=70.00
hum:Move(Vector3.new(0.3493,0,-0.9370),true)
hrp.AssemblyLinearVelocity=Vector3.new(7.3627,-16.3175,-19.7510)
hrp.CFrame=CFrame.new(398.2181,390.5788,-651.7695)
task.wait(0.0731)
cam.CFrame=CFrame.new(393.1689,403.9659,-637.5366,0.900487,0.242699,-0.360860,0.000000,0.829787,0.558081,0.434882,-0.502545,0.747212)
cam.FieldOfView=70.00
hum:Move(Vector3.new(0.3505,0,-0.9366),true)
hrp.AssemblyLinearVelocity=Vector3.new(9.4682,40.0733,-25.3249)
hrp.CFrame=CFrame.new(398.7878,393.8806,-653.2961)
task.wait(0.0702)
cam.CFrame=CFrame.new(392.0554,408.0599,-635.4467,0.900487,0.242699,-0.360860,0.000000,0.829787,0.558081,0.434882,-0.502545,0.747212)
cam.FieldOfView=70.00
hum:Move(Vector3.new(0.3483,0,-0.9374),true)
hrp.AssemblyLinearVelocity=Vector3.new(10.4473,32.7158,-28.1175)
hrp.CFrame=CFrame.new(399.1710,395.2301,-654.3262)
hum.Jump=true
task.wait(0.0336)
cam.CFrame=CFrame.new(391.8193,410.3671,-635.1943,0.900487,0.242699,-0.360860,0.000000,0.829787,0.558081,0.434882,-0.502545,0.747212)
cam.FieldOfView=70.00
hum:Move(Vector3.new(0.3488,0,-0.9372),true)
hrp.AssemblyLinearVelocity=Vector3.new(10.4651,24.5408,-28.1155)
hrp.CFrame=CFrame.new(399.6070,396.4059,-655.4974)
hum.Jump=true
task.wait(0.0411)
cam.CFrame=CFrame.new(392.5224,412.2212,-637.1085,0.900487,0.242699,-0.360860,0.000000,0.829787,0.558081,0.434882,-0.502545,0.747212)
cam.FieldOfView=70.00
hum:Move(Vector3.new(0.3465,0,-0.9381),true)
hrp.AssemblyLinearVelocity=Vector3.new(10.3938,12.2783,-28.1419)
hrp.CFrame=CFrame.new(400.2580,397.5309,-657.2557)
hum.Jump=true
task.wait(0.0609)
cam.CFrame=CFrame.new(393.1276,412.9613,-638.7505,0.900487,0.242699,-0.360860,0.000000,0.829787,0.558081,0.434882,-0.502545,0.747212)
cam.FieldOfView=70.00
hum:Move(Vector3.new(0.3409,0,-0.9401),true)
hrp.AssemblyLinearVelocity=Vector3.new(10.2260,-0.8017,-28.2034)
hrp.CFrame=CFrame.new(400.9430,397.8862,-659.1346)
task.wait(0.0664)
cam.CFrame=CFrame.new(393.8090,412.9896,-640.6307,0.900487,0.242699,-0.360860,0.000000,0.829787,0.558081,0.434882,-0.502545,0.747212)
cam.FieldOfView=70.00
hum:Move(Vector3.new(0.3402,0,-0.9404),true)
hrp.AssemblyLinearVelocity=Vector3.new(10.2046,-13.8817,-28.2111)
hrp.CFrame=CFrame.new(401.6232,397.3695,-661.0155)
task.wait(0.0674)
cam.CFrame=CFrame.new(394.5301,412.0642,-642.6295,0.900487,0.242699,-0.360860,0.000000,0.829787,0.558081,0.434882,-0.502545,0.747212)
cam.FieldOfView=70.00
hum:Move(Vector3.new(0.3381,0,-0.9411),true)
hrp.AssemblyLinearVelocity=Vector3.new(10.1422,-26.9617,-28.2336)
hrp.CFrame=CFrame.new(402.2996,395.9808,-662.8973)
task.wait(0.0682)
cam.CFrame=CFrame.new(395.1218,410.5630,-644.2761,0.900487,0.242699,-0.360860,0.000000,0.829787,0.558081,0.434882,-0.502545,0.747212)
cam.FieldOfView=70.00
hum:Move(Vector3.new(0.3381,0,-0.9411),true)
hrp.AssemblyLinearVelocity=Vector3.new(10.1422,-36.7717,-28.2336)
hrp.CFrame=CFrame.new(402.8068,394.3671,-664.3087)
task.wait(0.0501)
cam.CFrame=CFrame.new(391.7693,402.8329,-644.4839,0.838954,0.177375,-0.514485,0.000000,0.945392,0.325935,0.544203,-0.273445,0.793140)
cam.FieldOfView=70.00
hum:Move(Vector3.new(0.3698,0,-0.9291),true)
hrp.AssemblyLinearVelocity=Vector3.new(11.0938,-48.2167,-27.8734)
hrp.CFrame=CFrame.new(403.4276,391.8644,-665.9445)
task.wait(0.0692)
cam.CFrame=CFrame.new(395.4774,389.9633,-651.7923,0.821370,-0.052053,-0.568015,0.000000,0.995827,-0.091258,0.570395,0.074956,0.817943)
cam.FieldOfView=70.00
hum:Move(Vector3.new(0.4730,0,-0.8811),true)
hrp.AssemblyLinearVelocity=Vector3.new(14.1890,-59.6617,-26.4324)
hrp.CFrame=CFrame.new(404.2142,388.6941,-667.5065)
task.wait(0.0467)
cam.CFrame=CFrame.new(397.0094,384.9837,-655.3585,0.797208,-0.140928,-0.587026,0.000000,0.972371,-0.233439,0.603705,0.186100,0.775182)
cam.FieldOfView=70.00
hum:Move(Vector3.new(0.4855,0,-0.8742),true)
hrp.AssemblyLinearVelocity=Vector3.new(14.5649,-68.6542,-26.2272)
hrp.CFrame=CFrame.new(404.8775,385.7348,-668.7109)
task.wait(0.0483)
cam.CFrame=CFrame.new(396.9091,380.7497,-656.5627,0.772010,-0.171414,-0.612061,0.000000,0.962949,-0.269684,0.635611,0.208198,0.743406)
cam.FieldOfView=70.00
hum:Move(Vector3.new(0.5347,0,-0.8451),true)
hrp.AssemblyLinearVelocity=Vector3.new(16.0384,-79.2817,-25.3529)
hrp.CFrame=CFrame.new(405.7266,381.7060,-670.0963)
task.wait(0.0512)
cam.CFrame=CFrame.new(395.9550,377.9330,-656.3323,0.752957,-0.193721,-0.628910,0.000000,0.955689,-0.294377,0.658070,0.221654,0.719593)
cam.FieldOfView=70.00
hum:Move(Vector3.new(0.5512,0,-0.8344),true)
hrp.AssemblyLinearVelocity=Vector3.new(16.5348,-85.8217,-25.0320)
hrp.CFrame=CFrame.new(406.2765,378.9407,-670.9315)
task.wait(0.0357)
cam.CFrame=CFrame.new(401.3824,375.8763,-662.8503,0.752957,-0.193721,-0.628910,0.000000,0.955689,-0.294377,0.658070,0.221654,0.719593)
cam.FieldOfView=70.00
hum:Move(Vector3.new(0.5755,0,-0.8178),true)
hrp.AssemblyLinearVelocity=Vector3.new(11.9706,1.6544,-24.4830)
hrp.CFrame=CFrame.new(406.8259,377.6272,-672.1541)
task.wait(0.0525)
cam.CFrame=CFrame.new(401.2631,375.7113,-663.4125,0.752957,-0.193721,-0.628910,0.000000,0.955689,-0.294377,0.658070,0.221654,0.719593)
cam.FieldOfView=70.00
hum:Move(Vector3.new(0.5755,0,-0.8178),true)
hrp.AssemblyLinearVelocity=Vector3.new(17.2671,-0.9487,-24.5344)
hrp.CFrame=CFrame.new(407.7625,377.5757,-673.6058)
task.wait(0.0570)
cam.CFrame=CFrame.new(400.9033,376.2937,-663.2957,0.752957,-0.193721,-0.628910,0.000000,0.955689,-0.294377,0.658070,0.221654,0.719593)
cam.FieldOfView=70.00
hum:Move(Vector3.new(0.5755,0,-0.8178),true)
hrp.AssemblyLinearVelocity=Vector3.new(17.2671,53.1534,-24.5344)
hrp.CFrame=CFrame.new(408.6980,380.4548,-674.9346)
hum.Jump=true
task.wait(0.0530)
cam.CFrame=CFrame.new(397.9085,377.2635,-660.1367,0.752957,-0.193721,-0.628910,0.000000,0.955689,-0.294377,0.658070,0.221654,0.719593)
cam.FieldOfView=70.00
hum:Move(Vector3.new(0.5553,0,-0.8316),true)
hrp.AssemblyLinearVelocity=Vector3.new(16.6589,40.8906,-24.9493)
hrp.CFrame=CFrame.new(409.7493,383.3681,-676.4871)
hum.Jump=true
task.wait(0.0634)
cam.CFrame=CFrame.new(396.1183,378.5526,-658.4861,0.752957,-0.193721,-0.628910,0.000000,0.955689,-0.294377,0.658070,0.221654,0.719593)
cam.FieldOfView=70.00
hum:Move(Vector3.new(0.4873,0,-0.8732),true)
hrp.AssemblyLinearVelocity=Vector3.new(14.6186,28.6280,-26.1972)
hrp.CFrame=CFrame.new(410.7013,385.5150,-678.1016)
task.wait(0.0606)
cam.CFrame=CFrame.new(396.7706,380.2826,-659.8664,0.752957,-0.193721,-0.628910,0.000000,0.955689,-0.294377,0.658070,0.221654,0.719593)
cam.FieldOfView=70.00
hum:Move(Vector3.new(0.4129,0,-0.9108),true)
hrp.AssemblyLinearVelocity=Vector3.new(12.3887,18.8180,-27.3225)
hrp.CFrame=CFrame.new(411.3478,386.6807,-679.4546)
task.wait(0.0502)
cam.CFrame=CFrame.new(397.3183,381.1451,-661.1272,0.752957,-0.193721,-0.628910,0.000000,0.955689,-0.294377,0.658070,0.221654,0.719593)
cam.FieldOfView=70.00
hum:Move(Vector3.new(0.3439,0,-0.9390),true)
hrp.AssemblyLinearVelocity=Vector3.new(10.3173,9.0080,-28.1701)
hrp.CFrame=CFrame.new(411.8869,387.3560,-680.8541)
task.wait(0.0464)
cam.CFrame=CFrame.new(397.8108,381.6159,-662.5435,0.752957,-0.193721,-0.628910,0.000000,0.955689,-0.294377,0.658070,0.221654,0.719593)
cam.FieldOfView=70.00
hum:Move(Vector3.new(0.2706,0,-0.9627),true)
hrp.AssemblyLinearVelocity=Vector3.new(8.1223,0.8330,-28.8795)
hrp.CFrame=CFrame.new(412.2473,387.5439,-682.0507)
task.wait(0.0429)
cam.CFrame=CFrame.new(394.9332,383.4020,-666.1038,0.637662,-0.171126,-0.751068,0.000000,0.975013,-0.222150,0.770316,0.141657,0.621728)
cam.FieldOfView=70.00
hum:Move(Vector3.new(0.0980,0,-0.9952),true)
hrp.AssemblyLinearVelocity=Vector3.new(3.3803,-8.1595,-29.7866)
hrp.CFrame=CFrame.new(412.5095,387.3573,-683.3983)
task.wait(0.0463)
cam.CFrame=CFrame.new(389.5411,387.1236,-675.4548,0.290758,-0.050335,-0.955472,0.000000,0.998615,-0.052608,0.956797,0.015296,0.290355)
cam.FieldOfView=70.00
hum:Move(Vector3.new(0.2483,0,-0.9687),true)
hrp.AssemblyLinearVelocity=Vector3.new(7.4331,-17.9695,-29.0641)
hrp.CFrame=CFrame.new(412.8141,386.6837,-684.8653)
task.wait(0.0512)
cam.CFrame=CFrame.new(388.8574,387.2614,-680.9116,0.129749,-0.004035,-0.991539,0.000000,0.999992,-0.004069,0.991547,0.000528,0.129748)
cam.FieldOfView=70.00
hum:Move(Vector3.new(0.5014,0,-0.8652),true)
hrp.AssemblyLinearVelocity=Vector3.new(14.0694,-27.7795,-26.4311)
hrp.CFrame=CFrame.new(413.3673,385.5195,-686.2513)
task.wait(0.0521)
cam.CFrame=CFrame.new(389.2092,386.1731,-683.8294,0.060564,0.006429,-0.998144,0.000000,0.999979,0.006440,0.998164,-0.000390,0.060563)
cam.FieldOfView=70.00
hum:Move(Vector3.new(0.4970,0,-0.8677),true)
hrp.AssemblyLinearVelocity=Vector3.new(14.9080,-38.4070,-26.0336)
hrp.CFrame=CFrame.new(414.1497,383.7048,-687.6752)
task.wait(0.0488)
cam.CFrame=CFrame.new(389.9279,384.2323,-685.1456,0.060564,0.006429,-0.998144,0.000000,0.999979,0.006440,0.998164,-0.000390,0.060563)
cam.FieldOfView=70.00
hum:Move(Vector3.new(0.4403,0,-0.8979),true)
hrp.AssemblyLinearVelocity=Vector3.new(13.2190,-46.5820,-26.9305)
hrp.CFrame=CFrame.new(414.7191,381.9171,-688.7877)
task.wait(0.0467)
cam.CFrame=CFrame.new(390.4692,382.2403,-686.2722,0.060564,0.006429,-0.998144,0.000000,0.999979,0.006440,0.998164,-0.000390,0.060563)
cam.FieldOfView=70.00
hum:Move(Vector3.new(0.4089,0,-0.9126),true)
hrp.AssemblyLinearVelocity=Vector3.new(12.2700,-55.5745,-27.3760)
hrp.CFrame=CFrame.new(415.2956,379.5573,-690.0359)
hum.Jump=true
task.wait(0.0455)
cam.CFrame=CFrame.new(391.0304,380.9780,-687.5272,0.060564,0.006429,-0.998144,0.000000,0.999979,0.006440,0.998164,-0.000390,0.060563)
cam.FieldOfView=70.00
hum:Move(Vector3.new(0.4038,0,-0.9148),true)
hrp.AssemblyLinearVelocity=Vector3.new(12.1097,-7.5501,-27.4354)
hrp.CFrame=CFrame.new(415.9030,379.2838,-691.4069)
task.wait(0.0480)
cam.CFrame=CFrame.new(391.6360,382.1207,-688.8989,0.060564,0.006429,-0.998144,0.000000,0.999979,0.006440,0.998164,-0.000390,0.060563)
cam.FieldOfView=70.00
hum:Move(Vector3.new(0.4036,0,-0.9149),true)
hrp.AssemblyLinearVelocity=Vector3.new(12.1080,45.7959,-27.4478)
hrp.CFrame=CFrame.new(416.4074,381.3452,-692.5503)
task.wait(0.0474)
cam.CFrame=CFrame.new(392.1909,384.1448,-690.1570,0.060564,0.006429,-0.998144,0.000000,0.999979,0.006440,0.998164,-0.000390,0.060563)
cam.FieldOfView=70.00
hum:Move(Vector3.new(0.4036,0,-0.9149),true)
hrp.AssemblyLinearVelocity=Vector3.new(12.1079,35.9858,-27.4481)
hrp.CFrame=CFrame.new(417.0128,383.3693,-693.9229)
hum.Jump=true
task.wait(0.0460)
cam.CFrame=CFrame.new(392.6953,385.6271,-691.3008,0.060564,0.006429,-0.998144,0.000000,0.999979,0.006440,0.998164,-0.000390,0.060563)
cam.FieldOfView=70.00
hum:Move(Vector3.new(0.4069,0,-0.9135),true)
hrp.AssemblyLinearVelocity=Vector3.new(12.2070,27.8108,-27.4042)
hrp.CFrame=CFrame.new(417.5191,384.6814,-695.0658)
hum.Jump=true
task.wait(0.0424)
cam.CFrame=CFrame.new(393.3730,387.0450,-692.7777,0.060564,0.006429,-0.998144,0.000000,0.999979,0.006440,0.998164,-0.000390,0.060563)
cam.FieldOfView=70.00
hum:Move(Vector3.new(0.4655,0,-0.8851),true)
hrp.AssemblyLinearVelocity=Vector3.new(13.9503,17.1833,-26.5588)
hrp.CFrame=CFrame.new(418.2290,385.8778,-696.5270)
task.wait(0.0522)
cam.CFrame=CFrame.new(394.0206,387.7951,-693.9904,0.060564,0.006429,-0.998144,0.000000,0.999979,0.006440,0.998164,-0.000390,0.060563)
cam.FieldOfView=70.00
hum:Move(Vector3.new(0.5233,0,-0.8521),true)
hrp.AssemblyLinearVelocity=Vector3.new(15.6860,8.1908,-25.5720)
hrp.CFrame=CFrame.new(418.9129,386.4406,-697.7195)
task.wait(0.0456)
cam.CFrame=CFrame.new(394.6815,388.1193,-695.0511,0.060564,0.006429,-0.998144,0.000000,0.999979,0.006440,0.998164,-0.000390,0.060563)
cam.FieldOfView=70.00
hum:Move(Vector3.new(0.5596,0,-0.8288),true)
hrp.AssemblyLinearVelocity=Vector3.new(16.7869,-1.6192,-24.8636)
hrp.CFrame=CFrame.new(419.7397,386.5844,-698.9708)
task.wait(0.0489)
cam.CFrame=CFrame.new(395.5291,388.0588,-696.2885,0.060564,0.006429,-0.998144,0.000000,0.999979,0.006440,0.998164,-0.000390,0.060563)
cam.FieldOfView=70.00
hum:Move(Vector3.new(0.5787,0,-0.8155),true)
hrp.AssemblyLinearVelocity=Vector3.new(17.3607,-18.7867,-24.4664)
hrp.CFrame=CFrame.new(421.2559,385.6559,-701.1134)
task.wait(0.0920)
cam.CFrame=CFrame.new(396.6862,387.2151,-697.9195,0.060564,0.006429,-0.998144,0.000000,0.999979,0.006440,0.998164,-0.000390,0.060563)
cam.FieldOfView=70.00
hum:Move(Vector3.new(0.5787,0,-0.8155),true)
hrp.AssemblyLinearVelocity=Vector3.new(17.3607,-28.5967,-24.4664)
hrp.CFrame=CFrame.new(422.1238,384.4509,-702.3365)
task.wait(0.0453)
cam.CFrame=CFrame.new(397.5541,386.0101,-699.1426,0.060564,0.006429,-0.998144,0.000000,0.999979,0.006440,0.998164,-0.000390,0.060563)
cam.FieldOfView=70.00
hum:Move(Vector3.new(0.5746,0,-0.8185),true)
hrp.AssemblyLinearVelocity=Vector3.new(14.7456,-0.0034,-21.0047)
hrp.CFrame=CFrame.new(422.6913,384.3794,-703.1435)
task.wait(0.0381)
cam.CFrame=CFrame.new(398.3067,386.2032,-700.1783,0.060564,0.006429,-0.998144,0.000000,0.999979,0.006440,0.998164,-0.000390,0.060563)
cam.FieldOfView=70.00
hum:Move(Vector3.new(0.5359,0,-0.8443),true)
hrp.AssemblyLinearVelocity=Vector3.new(6.4894,53.1533,-9.3505)
hrp.CFrame=CFrame.new(423.0221,385.9800,-703.6182)
task.wait(0.0525)
cam.CFrame=CFrame.new(398.5849,388.6465,-700.6212,0.060564,0.006429,-0.998144,0.000000,0.999979,0.006440,0.998164,-0.000390,0.060563)
cam.FieldOfView=70.00
hum:Move(Vector3.new(0.5244,0,-0.8514),true)
hrp.AssemblyLinearVelocity=Vector3.new(6.4863,53.1533,-9.3476)
hrp.CFrame=CFrame.new(423.3194,388.4161,-704.0468)
task.wait(0.0424)
cam.CFrame=CFrame.new(398.7468,389.9753,-700.8553,0.060564,0.006429,-0.998144,0.000000,0.999979,0.006440,0.998164,-0.000390,0.060563)
cam.FieldOfView=70.00
hum:Move(Vector3.new(0.5150,0,-0.8572),true)
hrp.AssemblyLinearVelocity=Vector3.new(8.5121,47.4304,-12.9649)
hrp.CFrame=CFrame.new(423.5426,389.8710,-704.3794)
task.wait(0.0347)
cam.CFrame=CFrame.new(399.2538,392.7183,-701.6251,0.060564,0.006429,-0.998144,0.000000,0.999979,0.006440,0.998164,-0.000390,0.060563)
cam.FieldOfView=70.00
hum:Move(Vector3.new(0.5076,0,-0.8616),true)
hrp.AssemblyLinearVelocity=Vector3.new(12.3852,35.9854,-20.3537)
hrp.CFrame=CFrame.new(424.1607,392.2802,-705.3663)
task.wait(0.0541)
cam.CFrame=CFrame.new(399.9839,394.7936,-702.8280,0.060564,0.006429,-0.998144,0.000000,0.999979,0.006440,0.998164,-0.000390,0.060563)
cam.FieldOfView=70.00
hum:Move(Vector3.new(0.5067,0,-0.8621),true)
hrp.AssemblyLinearVelocity=Vector3.new(15.1998,23.7229,-25.8617)
hrp.CFrame=CFrame.new(425.0550,394.1205,-706.8738)
hum.Jump=true
task.wait(0.0613)
cam.CFrame=CFrame.new(400.8020,396.1229,-704.2189,0.060564,0.006429,-0.998144,0.000000,0.999979,0.006440,0.998164,-0.000390,0.060563)
cam.FieldOfView=70.00
hum:Move(Vector3.new(0.5067,0,-0.8621),true)
hrp.AssemblyLinearVelocity=Vector3.new(15.2009,13.0954,-25.8637)
hrp.CFrame=CFrame.new(425.8782,395.0956,-708.2751)
hum.Jump=true
task.wait(0.0560)
cam.CFrame=CFrame.new(401.6885,396.9106,-705.7279,0.060564,0.006429,-0.998144,0.000000,0.999979,0.006440,0.998164,-0.000390,0.060563)
cam.FieldOfView=70.00
hum:Move(Vector3.new(0.5067,0,-0.8621),true)
hrp.AssemblyLinearVelocity=Vector3.new(15.2009,2.4679,-25.8637)
hrp.CFrame=CFrame.new(426.7014,395.4949,-709.6763)
hum.Jump=true
task.wait(0.0521)
cam.CFrame=CFrame.new(402.1318,397.0541,-706.4824,0.060564,0.006429,-0.998144,0.000000,0.999979,0.006440,0.998164,-0.000390,0.060563)
cam.FieldOfView=70.00
hum:Move(Vector3.new(0.5067,0,-0.8621),true)
hrp.AssemblyLinearVelocity=Vector3.new(15.2009,-4.0721,-25.8637)
hrp.CFrame=CFrame.new(427.2080,395.4545,-710.5386)
hum.Jump=true
task.wait(0.0357)
cam.CFrame=CFrame.new(402.6384,397.0137,-707.3447,0.060564,0.006429,-0.998144,0.000000,0.999979,0.006440,0.998164,-0.000390,0.060563)
cam.FieldOfView=70.00
hum:Move(Vector3.new(0.5078,0,-0.8615),true)
hrp.AssemblyLinearVelocity=Vector3.new(15.2346,-11.4296,-25.8439)
hrp.CFrame=CFrame.new(427.7792,395.1485,-711.5077)
hum.Jump=true
task.wait(0.0358)
cam.CFrame=CFrame.new(403.5917,396.3505,-708.9591,0.060564,0.006429,-0.998144,0.000000,0.999979,0.006440,0.998164,-0.000390,0.060563)
cam.FieldOfView=70.00
hum:Move(Vector3.new(0.5099,0,-0.8602),true)
hrp.AssemblyLinearVelocity=Vector3.new(11.1013,-0.0170,-18.7275)
hrp.CFrame=CFrame.new(428.5320,394.7505,-712.7783)
task.wait(0.0548)
cam.CFrame=CFrame.new(404.1836,396.3748,-709.9229,0.060564,0.006429,-0.998144,0.000000,0.999979,0.006440,0.998164,-0.000390,0.060563)
cam.FieldOfView=70.00
hum:Move(Vector3.new(0.5150,0,-0.8572),true)
hrp.AssemblyLinearVelocity=Vector3.new(3.9595,53.1526,-6.6061)
hrp.CFrame=CFrame.new(428.8893,396.8089,-713.3725)
task.wait(0.0671)
cam.CFrame=CFrame.new(404.3543,398.3675,-710.1558,0.060564,0.006429,-0.998144,0.000000,0.999979,0.006440,0.998164,-0.000390,0.060563)
cam.FieldOfView=70.00
hum:Move(Vector3.new(0.5155,0,-0.8569),true)
hrp.AssemblyLinearVelocity=Vector3.new(3.9586,53.1527,-6.6226)
hrp.CFrame=CFrame.new(429.0214,398.5807,-713.5930)
hum.Jump=true
task.wait(0.0372)
cam.CFrame=CFrame.new(404.4796,400.1394,-710.3764,0.060564,0.006429,-0.998144,0.000000,0.999979,0.006440,0.998164,-0.000390,0.060563)
cam.FieldOfView=70.00
hum:Move(Vector3.new(0.5249,0,-0.8512),true)
hrp.AssemblyLinearVelocity=Vector3.new(7.2934,44.1631,-12.3221)
hrp.CFrame=CFrame.new(429.2830,400.7921,-714.0421)
task.wait(0.0373)
cam.CFrame=CFrame.new(404.9648,403.5440,-711.2652,0.060564,0.006429,-0.998144,0.000000,0.999979,0.006440,0.998164,-0.000390,0.060563)
cam.FieldOfView=70.00
hum:Move(Vector3.new(0.5428,0,-0.8399),true)
hrp.AssemblyLinearVelocity=Vector3.new(12.0280,32.7179,-19.1844)
hrp.CFrame=CFrame.new(429.8552,403.0107,-714.9760)
task.wait(0.0596)
cam.CFrame=CFrame.new(405.2856,404.5699,-711.7820,0.060564,0.006429,-0.998144,0.000000,0.999979,0.006440,0.998164,-0.000390,0.060563)
cam.FieldOfView=70.00
hum:Move(Vector3.new(0.5713,0,-0.8207),true)
hrp.AssemblyLinearVelocity=Vector3.new(15.2935,26.1779,-22.6568)
hrp.CFrame=CFrame.new(430.3174,403.9786,-715.6805)
task.wait(0.0341)
cam.CFrame=CFrame.new(406.2502,406.2060,-713.1725,0.060564,0.006429,-0.998144,0.000000,0.999979,0.006440,0.998164,-0.000390,0.060563)
cam.FieldOfView=70.00
hum:Move(Vector3.new(0.6377,0,-0.7703),true)
hrp.AssemblyLinearVelocity=Vector3.new(19.1312,13.9154,-23.1083)
hrp.CFrame=CFrame.new(431.4538,405.2060,-717.1397)
task.wait(0.0610)
cam.CFrame=CFrame.new(407.3439,407.0757,-716.3127,0.060564,0.006429,-0.998144,0.000000,0.999979,0.006440,0.998164,-0.000390,0.060563)
cam.FieldOfView=70.00
